40707237
40750341
41136193
41712876
41730148
41774876
41785679
41791006
41797172
41805420
41958379
41960926
41961002
41961397
41961649
41961664
41961669
41961676
41961681
41961787
41961794
41961830
41961837
41961838
41962119
41962973
41963073
41963074
41964104
41964543
41964704
41968208
41569798
41587420
41645902
41732861
41800474
41818657
41855454
41969052
41973133
41973254
41973314
41973638
41973701
41973719
41974022
41974026
41974463
41974550
41974675
41975112
41208540
41215743
41422949
41422976
41443316
41453669
41475574
41485510
41485516
41490831
41490834
41494550
41519173
41525941
41544981
41558628
41604943
41619858
41650973
41687912
41692269
41759570
41779422
41868099
41903828
41980015
41980186
41980201
41980227
41980229
41980729
41980883
41980919
41159880
41283865
41363800
41563170
41569211
41653174
41730498
41825447
41981959
41982130
41983618
41983730
41984236
41984817
41984880
41984883
41985094
41985132
41985133
41985900
41985943
41985976
41985986
41986533
40664427
40903226
41043867
41159689
41232944
41309286
41504368
41987638
41988958
41989096
41989882
41989885
41989998
41990010
41990090
41990093
41990167
41990287
41990304
41990305
41990306
41991231
41991261
41991266
41991267
41991764
41015487
41106830
41436181
41919743
41985134
41990187
41992690
41994954
41995022
41995491
41995508
41995546
41995554
41995559
41995874
41996390
41996443
41996539
41996634
41996654
41996656
41997612
41997615
41997616
41997617
41997618
41997890
41998514
41604598
41802242
41999456
41747202
41774886
41986123
42003219
42003300
42003301
42003302
42003321
39920345
39977253
40042823
40117194
40214639
40444814
40643264
40651808
40796126
41183496
41290528
41529200
41642116
41837962
41853846
41879310
42007811
42008030
42008307
42008464
42008565
42009849
42010256
42010883
42011000
42011003
42011820
42011857
42012216
42012822
42013121
42013172
42014155
42014156
42014177
42014575
42014630
41493293
41860521
41880608
42015790
42018242
42018454
42018479
42018931
42018980
42019018
42019019
42020119
42020129
42020366
42020385
41534755
41544725
41610418
41619866
41696990
41738742
42020989
42021630
42024548
42024627
42024666
42024875
42026028
40846472
40850742
41198182
42026924
42026948
42029097
42030272
42030275
42030307
42030311
42031431
42033017
41655820
41922276
42026010
42033389
42033454
42035778
40830061
40889799
41587482
41637561
41824552
41849763
41886709
41886713
41919388
42008676
42037481
42037487
42037507
42037577
42037591
42043479
42043583
42044105
42044134
42044225
42044258
42044317
42044933
42044956
42045095
42045698
42045732
